P_None,P_Low,P_Med,P_High,P_VeryHigh,RowId
0.9998612209656741,0.00011243969694940746,1.92738237281519e-05,4.849157673953134e-06,2.2163559744049747e-06,1
0.004718942113807977,0.43540497817882445,0.5572952493249171,0.0024822188820685445,9.861150038183367e-05,2
0.9998987339546179,8.75837194834472e-05,8.112149889419291e-06,3.899947134588734e-06,1.6702288744870228e-06,3
6.390102957281492e-05,0.00010232570997032444,0.05332383070066503,0.9464872773946086,2.266516518317474e-05,4
0.037813128505776686,0.8662814468101943,0.0956845421875143,0.0001420248672970096,7.885762921782587e-05,5
0.00015769020842490585,0.007106952721768256,0.9859865004524829,0.006720947992530674,2.7908624793342624e-05,6
0.005882136775449816,0.04299872869127002,0.9473018216282882,0.0037177863688727573,9.952653611901494e-05,7
0.00022169137531632293,0.06360863964903939,0.9300627753409778,0.006072186143028739,3.470749163782735e-05,8
0.14072027235905069,0.8544732347973294,0.004353210581749841,0.00021032819497648377,0.0002429540668935065,9
0.0002603559585836593,0.02095044098309965,0.970024912781791,0.008668184927222235,9.610534930334228e-05,10
0.9712148413493653,0.028541384857943948,0.00017229593476608462,4.842971045196895e-05,2.304814747268532e-05,11
0.9997613477820047,0.00016712297791650322,5.551336574946066e-05,1.2681397557962466e-05,3.3344767713300956e-06,12
0.00011092052619493527,0.0017631480046783683,0.9704506100365009,0.027594733279544113,8.058815308166622e-05,13
6.0987126642721935e-05,0.00011243430078050342,0.03160526668881283,0.9682044648993067,1.684698445730909e-05,14
0.0003277894916902734,0.0006068504685008149,0.3021299802069725,0.6968259152880416,0.00010946454479493075,15
0.00015198715979339398,0.00017931527452656103,0.027720732745651334,0.9715470992725403,0.00040086554748824867,16
0.7623366836562424,0.23708303578197226,0.0003602391271062194,0.00014412327054405817,7.591816413512502e-05,17
0.00019307819835558032,0.00023793141513519454,0.04944729557471905,0.9496588176362192,0.00046287717557102375,18
0.0021656129144509402,0.36488374491990844,0.6317509340851781,0.001067729180343057,0.00013197890011955218,19
0.9745372340576651,0.025249811311556597,0.00013819824800584757,4.669911972843057e-05,2.8057263044050272e-05,20
0.9996883306009888,0.00028820994265726246,1.5387505783664967e-05,5.373825271608005e-06,2.6981252987123633e-06,21
0.5367742828612567,0.46194172391627875,0.0011318071270947163,0.00010614113262777337,4.604496274201142e-05,22
0.006904095672307512,0.6282219167516818,0.36432477111227335,0.000493637849120261,5.557861461709441e-05,23
0.9996612797113995,0.0002995861549565472,2.9429110372395724e-05,7.63187749246951e-06,2.0731457790310783e-06,24
0.0001966374288196826,0.005551535197151859,0.9748213778186925,0.0193948170222823,3.56325330537204e-05,25
0.0005343825256892645,0.004683020478093765,0.9694522361668476,0.025045747509584125,0.0002846133197853005,26
0.00010381304572604825,0.00011353224539870323,0.10209180117415825,0.8976329880395824,5.7865495134548897e-05,27
0.9998031004284347,0.00017973194206539334,1.0136918783015502e-05,4.5569803734727354e-06,2.4737303433277477e-06,28
0.99984036345103,0.00014776966420054473,7.282094882488416e-06,3.4841603790295174e-06,1.100629507863921e-06,29
0.00010045967899204333,0.00014393381562805227,0.002783578770295181,0.9956598676587163,0.001312160076368433,30
0.8453195986942422,0.1530998391092538,0.0012338343692609138,0.0002563826883413073,9.034513890171694e-05,31
0.021467860015810195,0.6919309049430821,0.2855641020958258,0.0009564950052269094,8.063794005511973e-05,32
8.598888357393052e-05,0.0001060880260472505,0.0008626419014029468,0.07850437667733853,0.9204409045116373,33
0.0008670933054797682,0.22926092765180778,0.7671422090064665,0.0026531821093945885,7.658792685140187e-05,34
0.5356954980139467,0.3453550488885583,0.11801983602801067,0.0007349352820275363,0.00019468178745688566,35
0.2128857165827196,0.7774826940701992,0.009170379924401792,0.00040222465349723226,5.898476918220917e-05,36
0.0006489727059666842,0.2765947002762458,0.6900804248497217,0.03256303783955223,0.00011286432851366627,37
6.517819410964895e-05,6.768317846276908e-05,0.05093147979355663,0.948905970984154,2.9687849717065765e-05,38
9.874245730628992e-05,0.0001648943969766275,0.14434810711047408,0.855308588416665,7.966761857797821e-05,39
0.9997592632226995,0.00022259892973323431,1.1090095238893427e-05,4.597452681303135e-06,2.4502996470350453e-06,40
0.8282615773165907,0.17081251675707293,0.0008126638658737329,7.347448363531847e-05,3.976757682731728e-05,41
0.9998678823131424,0.00011439991230637239,1.1569772583977928e-05,4.385590793048866e-06,1.7624111742155211e-06,42
0.00019888849355906125,0.00027090515021055384,0.3939894974922865,0.6054400569961901,0.00010065186775383792,43
0.0001378802200762695,0.0001464368714314023,0.0005729593106484479,0.408368554893102,0.590774168704742,44
9.865522706150532e-05,0.00014465647468747857,0.02658391117211083,0.959583271913082,0.013589505213058082,45
0.0018476555749413984,0.6315766179315789,0.36260767882527134,0.003868668702814176,9.93789653941628e-05,46
0.000254234647105403,0.3606380760371966,0.6380540653941584,0.001021365071564626,3.225884997494893e-05,47
0.481766567325794,0.5079588075293529,0.009933906260991525,0.00025376671624587467,8.695216761574957e-05,48
0.0012264738674446747,0.5349760168696737,0.4630244779805556,0.0007426882977478665,3.034298457828658e-05,49
0.13322350456420634,0.8629912255514055,0.003410373195236501,0.00032328520631217094,5.161148283939947e-05,50
0.0005193405094581343,0.09695399165773613,0.7643525373794517,0.13799972379501108,0.00017440665834287075,51
0.00010748808418006882,0.015514687228790791,0.9822538765796445,0.0021097379197935126,1.4210187591151378e-05,52
0.00016237133617990203,0.00021472327470684898,0.4346437874318035,0.5647414386166222,0.0002376793406875679,53
0.000276774709002905,0.0005749965335112671,0.8202126334616702,0.1787986608593315,0.00013693443648402044,54
0.9479009478145421,0.051688306351271515,0.00033861590814423745,5.2761819332219345e-05,1.936810670981549e-05,55
0.0001771089092472266,0.00024101460880055224,0.041166163564321366,0.7500081415334527,0.20840757138417806,56
3.0489196389172495e-05,4.6084905101487656e-05,0.002091294507352518,0.015340876069125268,0.9824912553220315,57
5.111462055067985e-05,6.811674687331975e-05,0.006426619628720341,0.9924134835424983,0.0010406654613574003,58
0.0003393735122017694,0.0004623885578184985,0.0022333138099420143,0.91199514797354,0.08496977614649777,59
0.9999292933915054,5.5692632158916544e-05,9.912571199479743e-06,3.3487268526018917e-06,1.7526782835176962e-06,60
0.989299643879955,0.010503283197323618,0.0001232382896521807,5.4694670848454554e-05,1.913996222071149e-05,61
0.021213214209652057,0.9714637086481146,0.005821030676040469,0.001423934549001035,7.811191719171666e-05,62
0.5365577940587013,0.45904884146226677,0.0039268041695656435,0.0003955292245858096,7.103108488032418e-05,63
0.7429680203870473,0.1948087926713602,0.06088106283573563,0.0013001053341842902,4.2018771672530024e-05,64
3.32666966106776e-05,4.686444346271136e-05,0.0003444350337525369,0.02429520213386399,0.9752802316923102,65
0.999897153187795,9.32812262596828e-05,5.985597264549679e-06,2.5700609708752525e-06,1.0099277098111368e-06,66
0.0003152729116704054,0.0004651921988682708,0.0046410440904174274,0.992747657226557,0.0018308335724867418,67
0.0015522427942788123,0.8415968655053259,0.15659724656012952,0.00022724878863683416,2.639635162877893e-05,68
4.2831957300656576e-05,4.205871010158797e-05,0.02606518733093687,0.9737990407592392,5.088124242170523e-05,69
0.0004246854140577354,0.0005579001312452307,0.005043220143174987,0.9917775886041188,0.0021966057074032427,70
0.99988129197576,0.00010314429779060064,1.0106853271534644e-05,3.613779808030009e-06,1.8430933697799746e-06,71
0.0003040218163204892,0.0013552519848709916,0.9617921262400891,0.036510034905203236,3.85650535160339e-05,72
0.00015100279174619732,0.018686464717487954,0.9800171817142094,0.0010880388997276057,5.731187682875765e-05,73
0.0002684267117631027,0.25891637500040987,0.7400523815557161,0.0007300045101816048,3.28122219292804e-05,74
7.84195611871664e-05,0.00016581285992034185,0.002069592484181593,0.9732329273489242,0.02445324774578676,75
8.890737833534826e-05,0.00011096757259988451,0.0056794347526276795,0.9832747104214837,0.010845979874953334,76
0.7113775480892327,0.27678807216297735,0.011412656985299427,0.0003015564558281339,0.00012016630666240199,77
0.9974195979627705,0.002546676551022145,2.3260350394503777e-05,7.667051413617263e-06,2.798084399069698e-06,78
0.00010692169382484374,0.00012372146559771455,0.24568522918824084,0.7540531690813721,3.095857096465291e-05,79
0.00016160425498937904,0.0005760392176623337,0.21929061205701403,0.7798599062547271,0.00011183821560721528,80
0.022487134362387706,0.8380704008362333,0.13866722367919276,0.0007062105841823909,6.903053800394755e-05,81
0.0005121040376018522,0.5954674085124128,0.40364038713296824,0.0003388530669428701,4.124725007416574e-05,82
5.041970644258349e-06,6.164514717214741e-06,3.530387134681617e-05,0.0003446536524951015,0.9996088359907965,83
0.9998865325831909,7.887091085920121e-05,2.844783457475211e-05,4.660984653123456e-06,1.4876867220943238e-06,84
0.9998927295394159,9.226601314838693e-05,1.0064897194714158e-05,3.1579327197307155e-06,1.7816175213013959e-06,85
0.0070376886667500495,0.544456155467363,0.4478637953183727,0.0005849152974567479,5.744525005748113e-05,86
0.9955023149184967,0.004470822736354734,1.5639898091276335e-05,8.484736852021384e-06,2.7377102053084616e-06,87
0.00013637811791616632,0.00012139376498985715,0.5910104419337683,0.4087091585444275,2.2627638898134872e-05,88
0.9844158010691576,0.015452079237482754,7.568034238765106e-05,3.949294812299159e-05,1.6946402849037366e-05,89
0.0002803719029185611,0.00035448285269147633,0.29131959171130284,0.6644414137833745,0.04360413974971257,90
0.0002741841410307271,0.0003619101386257742,0.638284278542224,0.3610124449326797,6.718224543984577e-05,91
0.9998754990633717,0.00010845656991945377,1.0756137291428436e-05,3.5450328174296027e-06,1.7431965998853482e-06,92
0.9998499470791117,0.00010503156265441178,3.6321769099492e-05,6.349743589794896e-06,2.349845544725182e-06,93
0.00011203931076193955,0.00011647328848167727,0.03126166376463134,0.9684371900873092,7.263354881584111e-05,94
0.00014951762064218651,0.0002689745818325449,0.9871673447585387,0.012388562517102339,2.560052188412533e-05,95
0.9998934869882493,9.213532986653702e-05,8.17013942776866e-06,4.255426168619025e-06,1.9521162875288093e-06,96
0.00016094100061796553,0.00014553160498484834,0.008277984870073547,0.5860045514805444,0.4054109910437792,97
0.9991324468038238,0.0008464121183993543,1.2978942979030708e-05,6.146929062066357e-06,2.0152057358681075e-06,98
0.9988659938035415,0.0011148793089651174,1.1749639038592922e-05,5.49455105252985e-06,1.8826974023843004e-06,99
4.364929413787669e-05,5.1708934434336834e-05,0.0013614349770932844,0.013431825568303912,0.9851113812260307,100
0.00030132881652442296,0.0002599431974161435,0.5491722699978878,0.4501890802478866,7.737774028496206e-05,101
0.0002943627215130688,0.3300483808564888,0.6681247677946476,0.0015008268154169258,3.1661811933663275e-05,102
0.9743227696440988,0.02542973764946797,0.00019209255472028394,3.585202911208431e-05,1.9548122600814466e-05,103
0.9999100817583806,6.025541588744537e-05,2.482030769517823e-05,3.470921597312455e-06,1.3715964395791237e-06,104
6.585886546897167e-05,6.180650129732074e-05,0.09100347566323244,0.9088412721643506,2.7586805650628052e-05,105
0.00030215029715114657,0.3486205573698906,0.6490307492315031,0.0020177147749466688,2.8828326508615632e-05,106
3.7233151163836223e-05,4.279729972581764e-05,0.00015981956214033928,0.01903977227315882,0.9807203777138112,107
0.00012874518368586588,0.00011437887917472146,0.17454975895988972,0.8251349554377898,7.21615394598204e-05,108
0.02808562335346912,0.8386581998894471,0.1324614666962299,0.0007228374123541641,7.187264849975698e-05,109
0.9997862816002691,0.00019636891971915073,1.1716999179397503e-05,4.098137134040987e-06,1.5343436983153071e-06,110
0.061411623425144765,0.9151121278247706,0.021939148812713437,0.0014021770581040434,0.00013492287926716463,111
0.9993326294295637,0.0003458914116927157,0.0002244540551657871,6.721419573261974e-05,2.981090784529485e-05,112
0.000213650622862679,0.0002432413178143775,0.020135411977482216,0.9464206226492966,0.03298707343254425,113
0.0002645783132372843,0.00026816304419659796,0.13882505521166263,0.8601209029003846,0.0005213005305188229,114
0.9998728756098118,0.00011324600729544435,8.40312633746457e-06,4.274449121317857e-06,1.2008074340734808e-06,115
0.049422091769797345,0.7827102249623135,0.1674031772875165,0.00040786964399756556,5.6636336375147975e-05,116
0.00018700951350774856,0.06183679907649851,0.9352248913641104,0.0027158434870923074,3.545655879102705e-05,117
0.9998268124839674,0.0001588704198854694,8.608819272920467e-06,3.6918229768287085e-06,2.0164538971587908e-06,118
0.585228352911766,0.4135636638948751,0.0010360940404034497,0.00012893593815877874,4.295321479669876e-05,119
0.00012913816797217132,0.00023484028633256816,0.0011331783963932228,0.3523558451961694,0.6461469979531327,120
0.9995328569422883,0.0002778502469476797,0.00016364869119602242,1.5141334106781102e-05,1.0502785461162968e-05,121
0.9997161986461192,0.000242679735718806,2.66318166006287e-05,1.2283446089773423e-05,2.2063554715563775e-06,122
0.00035154576668897103,0.0009793976383583513,0.969142596139746,0.029460855141224967,6.560531398170657e-05,123
0.08825779434560241,0.7861689695290682,0.12020544513103468,0.005193423470034804,0.00017436752425995715,124
0.0001165028653225601,0.00010820556600857245,0.5670316943716679,0.4327226845043038,2.0912692697279723e-05,125
0.00024590755327436856,0.000354257821359556,0.07920303648455086,0.907527016712533,0.012669781428282187,126
0.03798197597688695,0.9395683165552731,0.021793205029501623,0.0005954340883138464,6.106835002448026e-05,127
0.00010582988382476734,0.00012166911053541499,0.021330684684356088,0.9736451413329478,0.00479667498833586,128
0.00019586302385468164,0.008824647497820056,0.9803706105368482,0.01053302087171396,7.585806976323661e-05,129
0.8005148088670554,0.19759962744515544,0.0016786935423883792,0.00013269856797378912,7.417157742717684e-05,130
0.00041855664339760423,0.0023141636670739292,0.25347134683598843,0.7427699463811815,0.0010259864723585331,131
0.48280482405191794,0.4267378890509156,0.08718794364036467,0.002986784904113879,0.000282558352687889,132
0.00017676811454145772,0.003158071490133571,0.9693650759104303,0.027214131748672377,8.595273622227979e-05,133
0.0009143695029519547,0.0017910562796711372,0.791063388606768,0.20597691120101586,0.0002542744095931096,134
3.8758366849314114e-05,1.3061651388099744e-05,0.00013155006375587303,0.0012250365236894625,0.9985915933943172,135
0.00015575519828103427,0.0032314181003800604,0.9960271558517577,0.000570124463400903,1.5546386180165303e-05,136
0.1790617579457134,0.8013995583858697,0.01857978223650677,0.0008486342278812814,0.00011026720402872946,137
0.00018162174462518532,0.000783098434925331,0.6252692693173588,0.37372259547768516,4.3415025405465414e-05,138
0.00025013757770828317,0.0002600336934955713,0.017903737415999984,0.43352269491850903,0.548063396394287,139
0.4983960448676042,0.4853311292022687,0.01565785007366586,0.0005486325221389857,6.63433343223215e-05,140
0.8422650953840437,0.1550713703892756,0.002508509156855284,0.00010551675649649022,4.9508313328880434e-05,141
0.00034881202365239644,0.00045966853613682405,0.016881607211180524,0.9459890859594424,0.03632082626958786,142
0.00010122456469990192,0.00012327712192582881,0.0027338247974278704,0.9965584424529494,0.00048323106299715153,143
0.00024776542169702143,0.00036407532953839337,0.17546533911225204,0.8237487007504827,0.0001741193860298835,144
0.026788159873352497,0.9255903367914475,0.047218842537154734,0.0003640408657987522,3.861993224639361e-05,145
0.00010372832997522288,0.013532927321069083,0.9848250596878971,0.0015160389198265623,2.2245741231936935e-05,146
0.0005229006850241396,0.0007030128674596314,0.8480315775713558,0.12725929155451954,0.023483217321640867,147
0.00026178819253456397,0.0002510437824603617,0.5971792389877046,0.40155735722556746,0.0007505718117330762,148
0.00024737983825754843,0.00034268458162698513,0.16138027805884148,0.8351609714523518,0.0028686860689222087,149
0.9993791095283194,0.0005621804763302921,4.514690174620284e-05,9.443418252699755e-06,4.119675351377825e-06,150
0.00021878599828815287,0.0008972819736887246,0.07596017108263031,0.8241870040177964,0.09873675692759627,151
0.9998574023339009,0.00012866718705255108,8.480437807091961e-06,3.3477664580701267e-06,2.1022747814706747e-06,152
0.5372668627723731,0.4610057725023469,0.0015982241666243236,9.911457966321927e-05,3.002597899248737e-05,153
0.0004114308177111152,0.0004073000919619335,0.25169878573368654,0.7473099107040995,0.00017257265254085595,154
4.709890201660911e-06,7.21831860551335e-06,6.954802188851328e-05,0.00018704090999978941,0.9997314828593045,155
0.01194025702266632,0.9342624417006601,0.05322032497054559,0.0004921964605451908,8.477984558289171e-05,156
0.000146844270883445,0.0001346620879747956,0.3196926137462094,0.6799886051816563,3.7274713276129156e-05,157
8.425263010263045e-05,8.640596246861552e-05,0.006322157441939766,0.36887077395098167,0.6246364100145072,158
0.00014277222130225413,0.000581129784649198,0.9863088674684498,0.012933757957128787,3.347256847014861e-05,159
0.037637411988092104,0.7955290232265355,0.16393896326321117,0.002763624057262268,0.00013097746489902686,160
0.00012016374991192627,0.00020984378484186574,0.08043694557248629,0.9191486706155079,8.437627725214982e-05,161
0.00018792263390992415,0.00022495889746383554,0.00990623738038841,0.9185389261133462,0.07114195497489159,162
0.9998541098880468,0.00012902620439155145,1.0916266632483369e-05,4.3717905298490185e-06,1.5758503992628879e-06,163
0.044463520541947896,0.9033488945954737,0.051750540281316725,0.0003648859619258077,7.215861933583715e-05,164
0.00038207452790837645,0.000469360933646877,0.6575227595456604,0.34157303423147234,5.277076131201681e-05,165
0.052467295600382005,0.35512316698856644,0.5921232574161468,0.00017988834282202626,0.00010639165208268221,166
0.0003427690326183046,0.0005280466722020152,0.2622771046091207,0.7358600778737822,0.0009920018122768098,167
0.2722128649864766,0.683148227423359,0.044247898327890715,0.0003027339963031684,8.827526597061292e-05,168
0.00035589811327532656,0.14575320845348277,0.8531121178253336,0.0007294250840252498,4.935052388311473e-05,169
0.9993698080203943,0.0005703290185237525,3.600222091697936e-05,1.7849793316262543e-05,6.0109468487670205e-06,170
0.9999274225767796,6.270463544756793e-05,5.984484897639118e-06,2.5342184981150756e-06,1.3540843771316427e-06,171
0.00023129797568018526,0.0010881121799685887,0.9683477760022751,0.03026410394944872,6.870989262737425e-05,172
0.9998049387317464,0.00017949957038713586,1.0249395319678584e-05,3.923162959554692e-06,1.3891395873766358e-06,173
0.47325588142645686,0.49176713155953555,0.03278812231152377,0.0020292205004248816,0.00015964420205892392,174
0.0004186371808243852,0.062257155811363395,0.9351748947634725,0.002046353050614233,0.00010295919372528047,175
0.9997922664273926,0.00017795992947222398,2.4905618500268867e-05,3.5394852512357662e-06,1.3285393838068962e-06,176
0.004024157020347662,0.8726229727032703,0.12292560121683434,0.0003799636368521813,4.73054226955867e-05,177
0.0005316411895610971,0.028830756490187258,0.9704018062192,0.00021430354767521987,2.1492553376390416e-05,178
0.00037022127465718963,0.002380446991376141,0.7656875545502029,0.23136512316799857,0.0001966540157653082,179
0.22175450317860715,0.7675033884540798,0.010482903037084353,0.00019894168745211325,6.0263642776450734e-05,180
0.00015125985022275277,0.00011915101163943235,0.042097594977488266,0.9574527638505034,0.0001792303101461551,181
0.0002836688732010391,0.00035010271805720807,0.02651736998688268,0.9571003214186327,0.015748537003226388,182
0.09158601185012258,0.9006708739140027,0.007453123829868705,0.00023732299347658335,5.266741252941524e-05,183
0.0004087944225978646,0.0006166553169895407,0.005215761589355351,0.5176405616337432,0.4761182270373142,184
0.9896483004556382,0.009933121315866546,0.0003489407971878477,5.712448917565654e-05,1.2512942131862577e-05,185
0.049886293207936715,0.878279798049228,0.07060895576461983,0.0011177615012526736,0.0001071914769628104,186
0.0001271997189757658,0.000303109736560833,0.986605116576367,0.012943229302266799,2.1344665829685397e-05,187
4.735205654265518e-05,6.0584439713866326e-05,0.013575825152644239,0.9859875806601324,0.00032865769096711143,188
0.00028201477509270684,0.0003621510033640636,0.10344242607975859,0.8656490296178205,0.030264378523964058,189
0.6381321308722784,0.35644071995210347,0.0051610977813760185,0.0001646300035760228,0.00010142139066604654,190
0.999711266296306,0.00026324243924978586,1.5716908609819385e-05,6.78031746870534e-06,2.9940383657913255e-06,191
0.1244470793815512,0.8330624345379298,0.04217414425762413,0.0002589316931170353,5.741012977761161e-05,192
0.00016276490956970176,0.0001692740466927195,0.004798007365308733,0.38381005555573433,0.6110598981226946,193
0.0005047766187656491,0.0004401952002558482,0.9453703544155843,0.05363828871736613,4.6385048028121685e-05,194
0.9998362948307932,0.00014792419899906865,9.98880310195242e-06,3.6969798337095573e-06,2.0951872721948407e-06,195
0.040930221844530705,0.7881140660451528,0.17045068334747757,0.0003913446190681008,0.00011368414377080087,196
0.00038908196758846855,0.00040824968150755727,0.06600966227507489,0.8698778444906997,0.06331516158512944,197
0.0002160149343758543,0.00036072648226011543,0.6823153119814576,0.3165640896513748,0.0005438569505315273,198
0.02163537591459603,0.9273729722152744,0.04909206109539142,0.00182049226314792,7.909851159001039e-05,199
0.0001530565180533537,0.00023488080197211426,0.0035693060148848385,0.34764851957849563,0.648394237086594,200
0.395620405008014,0.5803758810560352,0.02309567098261478,0.0008161164459743583,9.192650736172627e-05,201
0.943681818954718,0.05493400447463794,0.0011537776955763267,0.00017131517581265877,5.9083699255050554e-05,202
0.0003210586907149922,0.004160331974720584,0.9753359639619233,0.02012993834669254,5.270702594841161e-05,203
0.07171716706705908,0.4365066327225886,0.49139129602575843,0.00032769034798233755,5.721383661163806e-05,204
0.00021158105325225882,0.6903971487526859,0.30840851993613916,0.0009308025658130942,5.194769210973667e-05,205
0.964762305334167,0.03495997067755114,0.00023775935968361198,2.8404487457478836e-05,1.1560141140757813e-05,206
0.00021290657208534653,0.0004741079011825717,0.008328323963985335,0.990728336606257,0.00025632495648968975,207
0.4530250675918864,0.5418289830008293,0.004908674005190062,0.00019505272112868596,4.222268096563456e-05,208
0.0003991484665979507,0.11066190586094023,0.8806099548063729,0.008276062541636754,5.292832445230108e-05,209
0.9892899098270098,0.010603797008613414,7.438623081405067e-05,2.0953884500061952e-05,1.095304906278845e-05,210
0.9999001835784365,8.87223543789147e-05,6.836280577968929e-06,2.9727375634684845e-06,1.2850490433442356e-06,211
0.991595059342648,0.0083581108843033,3.0397352434318434e-05,1.1858104259618272e-05,4.574316354805549e-06,212
0.0002839392217210713,0.0004153715705697133,0.02007620119572181,0.8957515827754678,0.0834729052365196,213
0.2343436796013688,0.6975960775004056,0.06748383054533352,0.0004073619551743047,0.0001690503977178173,214
0.0004503234044217116,0.04756108804063342,0.9413594516376879,0.010563736955325852,6.539996193110426e-05,215
0.999668102933188,0.00022474486244521857,9.617311492067923e-05,7.104737924843572e-06,3.874351521306837e-06,216
0.002860481347884229,0.7040026333844969,0.2922032926915127,0.0008668183362695416,6.677423983670247e-05,217
0.0003856154659831452,0.0006181897709066897,0.03096683333345515,0.9138417526907079,0.05418760873894707,218
0.0001718061698586202,0.00046665148302535203,0.013478670853179548,0.8208245462752046,0.16505832521873187,219
0.9997789806089272,0.00020029216446744582,1.2562828733830839e-05,5.473472114143628e-06,2.690925757353947e-06,220
0.004738033764332643,0.9625975870780689,0.03212775563133187,0.0004966989329246063,3.992459334197151e-05,221
0.9998307977293368,0.00015304106138541723,9.961231808125063e-06,3.843268829831743e-06,2.356708639652205e-06,222
0.0002427706944609711,0.00024280200401194325,0.8791719137814311,0.12030670382119872,3.580969889737444e-05,223
1.4055277535395604e-05,1.9909882791402196e-05,8.767790339005227e-05,0.0009220928169571821,0.9989562641193259,224
0.0002041134786589025,0.0002507532163738442,0.02257529906544544,0.9760870107310051,0.0008828235085166166,225
0.9998988553497711,9.15270579303174e-05,5.993130161805832e-06,2.8043589427564425e-06,8.201031941881207e-07,226
0.9529249060912954,0.04642010405161002,0.0005914697847456525,5.523028020504501e-05,8.289792143820565e-06,227
0.0003675451757272137,0.0005743679831296789,0.22271261752654667,0.7761553053505569,0.00019016396403944376,228
0.05935565620557563,0.8021318357736135,0.11365512092032579,0.024677639239157036,0.00017974786132788942,229
1.248934390500159e-05,3.512986597796821e-06,5.506529392566911e-05,0.0001290834025315952,0.99979984897304,230
0.8408977222263623,0.15867412453197605,0.0002795050228039194,9.036741339055554e-05,5.8280805467241805e-05,231
0.00019476547997039758,0.0002401297226723931,0.008294516537101532,0.2243902910923615,0.7668802971678941,232
0.9995295757490041,0.00030662064212354484,0.00012723294392017137,2.7646406598095266e-05,8.924258354066388e-06,233
0.02628562820014304,0.6536367809955237,0.31963842053859454,0.0003788872587348458,6.028300700384313e-05,234
0.398448156419395,0.5568254033570531,0.04318467800503571,0.001237492685302498,0.0003042695332137278,235
0.0013397838775707348,0.9326184961550549,0.06385688815173558,0.002142651493011248,4.2180322627515076e-05,236
0.9997646662258987,0.00019311684274265703,2.8269039577503482e-05,1.0021369762069541e-05,3.926522018988982e-06,237
0.0008006046439151358,0.0006879748644105421,0.4028690920161081,0.5952499559080628,0.00039237256750335235,238
0.0001620582220491709,0.00025924353934869096,0.64925652657363,0.3502322470337117,8.992463126042337e-05,239
0.8873447378043942,0.11028313244245831,0.002208906359502272,0.00014201383207931685,2.120956156605875e-05,240
0.807452833110226,0.18711814203354069,0.005121790585753114,0.00025704337205016133,5.0190898430119626e-05,241
0.9997121795669319,0.00018987008936022755,5.5082569608804235e-05,3.296479058627371e-05,9.902983512870698e-06,242
0.00019859777393202373,0.0005264447741710714,0.9547012055794454,0.0445442219704011,2.952990205028958e-05,243
0.013386720676218836,0.1539516311096633,0.8183201301304266,0.014233143846104213,0.00010837423758700683,244
0.011923788422515017,0.8141132962750284,0.17272959294778173,0.001140239336562392,9.30830181125198e-05,245
0.0003529323529362471,0.0011872614283241294,0.043297982319953576,0.7553320000312927,0.19982982386749334,246
0.9706855315888205,0.029167364748214276,9.225029469309494e-05,3.453975490502656e-05,2.031361336695145e-05,247
0.9534484205923665,0.04641547441916536,8.118075918665497e-05,3.4017583459244125e-05,2.0906645822135136e-05,248
0.0002107805885533658,0.0002480275837595685,0.8877813800642318,0.11164686985832843,0.00011294190512680662,249
0.000416716802129684,0.0006670874937975806,0.7360506815221621,0.26274245930503204,0.0001230548768785735,250
0.9997514388329142,0.00022464360561631823,1.6126242627340183e-05,4.532261744517344e-06,3.2590570975751044e-06,251
0.0013381406010186587,0.005235524964227974,0.9931869953550656,0.00021621276368319095,2.312631600447682e-05,252
0.0006252542668203304,0.7708190674572316,0.22707514132349244,0.0014504546228654533,3.0082329590241243e-05,253
0.0006498584921537539,0.6248774772576635,0.3740854990525684,0.0003587427571144289,2.842244049996496e-05,254
0.00013935880296601395,0.00012647930675701064,0.04075460979062023,0.9586996723760464,0.000279879723610242,255
0.00017689451021776257,0.00022409162802702467,0.061764809803881625,0.936733667494113,0.0011005365637606227,256
0.9945409903756023,0.0053970213706463375,3.497531819530716e-05,1.8123509635361767e-05,8.889425920725791e-06,257
0.15347293793746386,0.8378582682761229,0.008399809283725596,0.00016858903505060692,0.00010039546763713498,258
0.6080911047512381,0.34827664585269724,0.04266643817522665,0.0008323054734068692,0.00013350574743128217,259
0.09047110345261272,0.9075177594790347,0.0018985522622021619,9.146737931782598e-05,2.1117426832685164e-05,260
0.15648895304319116,0.505120354210584,0.33769383105286244,0.0005400825581475535,0.00015677913521481334,261
0.998204242684251,0.0017719150090295967,1.5071941321508842e-05,6.3553747353082096e-06,2.4149906626550537e-06,262
0.9869147348978515,0.01264591270571202,0.00031701629170046396,0.00011149165240347237,1.0844452332498074e-05,263
0.00023061517442801724,0.06565861927282189,0.9237818520119646,0.010203956430654793,0.00012495711013058112,264
0.16581956176262397,0.828666392759643,0.005343854662255603,0.00012645092916789658,4.37398863095227e-05,265
0.0003920389627425215,0.5470670418242144,0.4521364651389054,0.00037497486666145075,2.94792074762618e-05,266
0.00038579466325220876,0.00033930497315115766,0.46244057974733704,0.536645993890808,0.00018832672545162816,267
0.0003041360945889001,0.0004907598141682026,0.9317156439168199,0.06743898263451716,5.0477539905695365e-05,268
0.13618267446389248,0.8572973896692073,0.006350795738238653,0.00011980316176558154,4.933696689588428e-05,269
0.04283876424774235,0.6201355667845071,0.33550528628918563,0.0013145869448724433,0.0002057957336925326,270
0.0949157118784019,0.7170052716674059,0.16707999426736214,0.02081004762311848,0.00018897456371151818,271
0.999308330815731,0.0004815936166622283,0.00018540112059067356,1.8112060887586448e-05,6.562386128566896e-06,272
0.00028499932931093375,0.04750201897745204,0.9494349605324934,0.0026464009840384654,0.00013162017670519352,273
0.07764121908287196,0.8834370104863665,0.0369447671864972,0.0018294679826198735,0.0001475352616446183,274
0.14759140765171108,0.8414109457638703,0.010712487846091684,0.00025018444123864456,3.497429708819613e-05,275
0.11029919362245726,0.8729777463846906,0.015335333454889438,0.001334903341425347,5.2823196537470955e-05,276
0.00022995231410047524,0.0005335292951272365,0.937329580549882,0.06187024576938617,3.6692071504009155e-05,277
0.000321295693531856,0.00022528369980204452,0.0023864436718487223,0.9961489577551316,0.0009180191796858333,278
0.9998793482260668,0.00010752967651929632,7.970476675385392e-06,3.439106083875993e-06,1.7125146546748063e-06,279
0.9999175672532591,6.427364706154841e-05,1.18432141707356e-05,4.864647407306547e-06,1.4512381013373618e-06,280
0.0006162167911988294,0.0010316762705541512,0.3860353993778882,0.4275170153048583,0.18479969225550055,281
0.9999173536856161,6.850538083996192e-05,1.0198311830521497e-05,2.493313564147459e-06,1.4493081493012757e-06,282
0.9994517103019233,0.0004374360393644009,8.571864920170559e-05,1.5123595480445057e-05,1.0011414030183257e-05,283
0.3134542396713897,0.6647160144363375,0.021520309582426338,0.00024407834530075335,6.535796454558723e-05,284
0.8399585124044624,0.15934947834198362,0.0004715369861692047,0.00014488136380872357,7.55909035760352e-05,285
0.0002285676258233726,0.032941190037087495,0.9651855964650886,0.0016097379901432898,3.490788185728551e-05,286
0.0002418816732186281,0.000392618670272532,0.6962203262977266,0.3028623211329113,0.00028285222587094044,287
0.979781623415357,0.020054265341052067,0.00012854046826501556,2.1919977954304795e-05,1.3650797371520472e-05,288
0.00021334801577209753,0.0011493419506845841,0.804063809978867,0.1944879761706109,8.552388406546324e-05,289
2.074937324446515e-05,2.2785428410273358e-05,0.00020361879509655552,0.006642731587811484,0.9931101148154371,290
0.9981733400942806,0.0010743977960404132,0.0007050610568685278,3.797324339175919e-05,9.227809418826121e-06,291
0.5093545162607162,0.4696775809174973,0.020654251518642388,0.00020809727948650934,0.000105554023657618,292
0.0019459711068003898,0.839646318302108,0.15807770144126448,0.0003000227329684935,2.9986416858643562e-05,293
0.00027948900906916627,0.0005593880501790125,0.016480009887300508,0.630248559930229,0.3524325531232222,294
0.9998310404344313,0.00015296446563644437,1.02346882331041e-05,3.729317715682468e-06,2.0310939834539057e-06,295
0.00031450586619512444,0.0003745954112927306,0.556508255866954,0.4427323875034325,7.025535212563979e-05,296
0.02718516870334841,0.9422333864243576,0.030291023014350667,0.000266871582723397,2.355027521999367e-05,297
0.0003126271454494111,0.015140859683878169,0.9734586464777731,0.01090973162351936,0.00017813506937999372,298
0.9886001499727263,0.011289311783820779,6.540084725694825e-05,3.05448849866237e-05,1.4592511209299242e-05,299
0.9998977300416103,9.0407576846636e-05,7.629892755312099e-06,2.7419255608189525e-06,1.4905632269011352e-06,300
0.9997869743358014,0.00019007519847565093,1.4787789521357843e-05,4.971622555822185e-06,3.1910536457551757e-06,301
0.9978341536687669,0.0021111152120550465,4.0089024256056645e-05,1.04772850746524e-05,4.164809847324934e-06,302
0.7143406343938999,0.2841751415145436,0.0013298312629765243,0.00010707725664675847,4.731557193315084e-05,303
0.0023422737982383866,0.8641384502303602,0.13324679607328055,0.00024586501059172634,2.6614887529250684e-05,304
0.9206069556658711,0.07796135564494179,0.0013507839184308786,7.096886623530941e-05,9.935904520849279e-06,305
0.0004372111027847518,0.024590452234788885,0.9368759239397152,0.03787605883243467,0.00022035389027646622,306
0.0002954640545401082,0.052696109812229705,0.9465954084512349,0.00039168638491672255,2.133129707861878e-05,307
0.8110933645779582,0.18823365365678818,0.0004966599847630358,0.00012032273409281306,5.5999046397865974e-05,308
0.9995713302086336,0.000258027102269219,0.00013677108235630756,2.36506290181246e-05,1.02209777226184e-05,309
0.004582181819801657,0.603688687886739,0.3896550278154268,0.001970312404322068,0.00010379007371036733,310
0.9999021247654648,8.654674369346661e-05,6.593367607511747e-06,3.2498560291024174e-06,1.4852672051212984e-06,311
0.025119691186962178,0.9078269163119319,0.06533040405970159,0.0016502228000765506,7.276564132774725e-05,312
0.7669530234876776,0.2325412725683426,0.0003367182898446609,0.00010711703848413486,6.186861565103122e-05,313
0.00021279920645493386,0.0006025027625884368,0.9146404284503282,0.084507846504341,3.642307628745816e-05,314
0.9872251952712799,0.01264866859016885,9.792899807658931e-05,2.165262494558346e-05,6.554515529037702e-06,315
0.0002153736058289898,2.6981333293397894e-05,0.0008185894134957926,0.0052590538591492,0.9936800017882327,316
0.10547636800238533,0.8936413432830177,0.0006935795320965243,0.00012062025523604808,6.8088927264263e-05,317
0.00032999943376547773,0.000512230820882307,0.6352653940117626,0.3637617033020308,0.00013067243155878447,318
4.349960514890163e-05,4.8397976675861664e-05,0.00188982197247641,0.039067150261428304,0.9589511301842706,319
0.00024215218164957072,0.0004524434339446705,0.9274284734813932,0.07183866051917479,3.827038383776622e-05,320
0.014332039039685798,0.9790158519673813,0.006501028522342775,0.00012924678325409165,2.1833687335928708e-05,321
0.0002686858502257365,0.0005347004654807464,0.9519459052547324,0.04715167026988672,9.903815967451854e-05,322
0.5364747878370844,0.44413825510653043,0.019038870917352964,0.0003090809759805415,3.9005163051797335e-05,323
0.00027294515021368727,0.0010577275059496538,0.9823999371102078,0.016206927309392032,6.246292423686933e-05,324
0.9998942935273419,9.086994228786014e-05,1.0526829590481587e-05,2.7188610526979574e-06,1.5908397272450114e-06,325
0.00029139767605355487,0.0003622622865170868,0.7498804189694559,0.24938103450881693,8.488655915647809e-05,326
0.9765257784781152,0.023402073659630703,4.438785454680037e-05,2.0845988009452573e-05,6.914019697769287e-06,327
0.00044749835357600577,0.000687533370397061,0.5158644681383694,0.4808020300719794,0.0021984700656780586,328
0.00019147646640719243,0.00020113450033596914,0.08029158637973158,0.9188380734918734,0.0004777291616519519,329
0.011488496215914731,0.9672815111170905,0.020888021883575948,0.00030764541069504655,3.432537272366016e-05,330
0.0003246860875948678,0.0004151973628419974,0.29975301709317365,0.6993656715759465,0.00014142788044292203,331
0.37658878741923135,0.620774422385715,0.0024805864889777263,0.0001116391530675406,4.4564553008390405e-05,332
0.7594200022408039,0.23970430380463736,0.0007303894101160464,9.691586100682396e-05,4.838868343583269e-05,333
0.003385073175601351,0.6127501196687118,0.383118595366614,0.0006948210962399183,5.139069283283022e-05,334
0.5891152138746366,0.40745078144277513,0.003184141785718088,0.00021610345225069164,3.375944461934406e-05,335
4.030441514345812e-05,5.5645700105188754e-05,0.0005171965836846447,0.00999848815884359,0.9893883651422231,336
0.046895284402845225,0.9515588320096853,0.0013226903686240031,0.00015555447231286235,6.763874653277148e-05,337
0.9998576487140587,0.00013136580132157232,6.255263518969847e-06,3.0263225735596116e-06,1.7038985271837358e-06,338
4.0382617535002417e-05,0.00012531388332784552,0.018628427745258386,0.9805600301772429,0.0006458455766357653,339
0.00039458526639142,0.009017435241199533,0.6772801150511503,0.31293700509939437,0.0003708593418643941,340
0.924754170413544,0.07481678350097834,0.00037026289180919024,4.40294719279336e-05,1.475372174060526e-05,341
0.4120107724349797,0.5520239108139455,0.03537411953875639,0.00041368079625237934,0.00017751641606608367,342
0.28522498651898126,0.5577773916102873,0.15592969408689267,0.0009399793377940779,0.00012794844604475513,343
0.001367017578912151,0.9625925638397353,0.035794451582221484,0.00020630670554759516,3.966029358336974e-05,344
0.7687518550393545,0.2291450226865487,0.0018209974501902395,0.00022179949680528727,6.0325327101123297e-05,345
0.00023260015988897198,0.00035387415915483667,0.06662876103362177,0.9321897134014548,0.0005950512458795235,346
0.9998383951073968,0.00014404277310062992,1.0615264009161747e-05,4.224854193501614e-06,2.7220012999633887e-06,347
0.9729705251008965,0.026701272127474474,0.0002875440118298939,3.2777205111022745e-05,7.881554688019378e-06,348
0.000644407654590403,0.00108597977303695,0.7882223265369552,0.210006060466414,4.1225569003335625e-05,349
0.00016475801552080565,0.00042100923649321707,0.9880183209755364,0.011369505340557204,2.6406431892351314e-05,350
0.006811622349052013,0.9335417463566017,0.059082646691205346,0.0005342126088380267,2.9771994302788287e-05,351
0.00030245948553836433,0.0003271175005907856,0.02155898165364108,0.4306024087522847,0.5472090326079451,352
0.7894726032733247,0.20976895637732876,0.000610027716552538,0.00011156674871818407,3.684588407588985e-05,353
1.4158179119054576e-05,6.088173603667543e-06,2.1660588259494918e-05,0.00023938611197667336,0.999718706947041,354
0.00033256002739819664,0.0005947397475802158,0.96336386695041,0.035666930340764104,4.1902933847528826e-05,355
3.309524504506407e-06,4.409009245670488e-06,3.783830085970649e-05,0.00019653435307703744,0.999757908812313,356
0.23168041918377372,0.6628213198986795,0.10466616732943061,0.0004577339397557502,0.00037435964836037363,357
0.7724803831021708,0.16712626771410247,0.06019288054771381,0.0001300956962237297,7.037293978918556e-05,358
0.00036951107224883245,0.0005441071303840972,0.07067640994955342,0.7861011120879251,0.14230885975988844,359
0.000372327677376569,0.0007305666031536472,0.008123872814197838,0.6759057485062226,0.3148674843990494,360
0.9339282565226016,0.06586410367047407,0.0001235387350880241,5.392603208030603e-05,3.0175039756005516e-05,361
0.6427205630404108,0.34815116858647494,0.008864022470572497,0.00021938109176848622,4.486481077334237e-05,362
0.002025796933540521,0.5345438607818729,0.3911680783386607,0.07208562104276778,0.00017664290315813023,363
0.00011549078795505204,0.0001215346322059909,0.014975548124574897,0.4675007967568693,0.5172866296983949,364
0.00025519960777862247,0.0012750913385500555,0.9649661740061868,0.033437187411715516,6.634763576914568e-05,365
