P_None,P_Low,P_Med,P_High,P_VeryHigh,RowId
0.8596078632759765,0.0960306443618453,0.030719199641417526,0.012332493389657192,0.001309799331103679,1
0.1358434611925916,0.3852249381216418,0.34335827629480115,0.10855283343456179,0.02702049095640382,2
0.8824790897035847,0.1016201410635238,0.011692828507235683,0.0038955597732747925,0.0003123809523809524,3
0.0017446238244514106,0.035861531092522284,0.30786662401898923,0.6362904397233713,0.018236781340665652,4
0.3774043361472679,0.4627822710857492,0.1388477717149396,0.015582066665253743,0.005383554386789681,5
0.008043082262622684,0.1514798003790227,0.6888281781925987,0.13896660402946628,0.012682335136289857,6
0.12777170626628293,0.20372625328076546,0.4904533502786147,0.1303931254972283,0.04765556467710903,7
0.01607452998135362,0.2224054766603741,0.565157148716963,0.18450195213512272,0.011860892506186623,8
0.5018216498582435,0.2921371290213783,0.15087640691871151,0.032592721404543314,0.022572092797123754,9
0.01205230374604942,0.16586911826969936,0.6534125108423569,0.16002876840053842,0.008637298741356015,10
0.8032981148935932,0.16363791849142287,0.023365939367287345,0.008886503780910148,0.0008115234667866247,11
0.7722931779761073,0.16022601048704938,0.04162095832711749,0.012777690561572411,0.013082162648153359,12
0.015885909333111552,0.10286800602261581,0.629796794522054,0.2202724730986391,0.031176817023579696,13
0.0063786298622384606,0.05931760019074034,0.29950320366382804,0.6161040110186717,0.018696555264521124,14
0.007224272591900689,0.034308295204832646,0.4510819023503957,0.4724380494533138,0.03494748039955742,15
0.006082602506065833,0.05382343337059381,0.18113410814011002,0.6303945094909202,0.12856534649231016,16
0.7301396323962063,0.23187994464455372,0.029832672637437108,0.006689213683003156,0.0014585366387997966,17
0.00426591391578896,0.031389367883229616,0.22331653238415297,0.6932885699456142,0.04773961587121447,18
0.08931646902412944,0.43134731491441575,0.40394059816450734,0.06566121691172178,0.009734400985225697,19
0.7853861544695817,0.18749613813282667,0.023829689131928795,0.002918062550879602,0.00036995571478330095,20
0.8655443414189719,0.11885705193472562,0.012925096676893812,0.00187273156908451,0.0008007784003240393,21
0.4786568979292742,0.4622285381050316,0.052034073000694826,0.005003108347616822,0.0020773826173826173,22
0.1806532924057344,0.5028492060355012,0.25805273188167943,0.04153040107549466,0.016914368601590297,23
0.8211944906988838,0.14698513049024817,0.023868242771812438,0.007542311477652035,0.0004098245614035088,24
0.004761280502287838,0.14212079386127982,0.6883295276702774,0.15682548858758932,0.00796290937856559,25
0.06014409366417406,0.18511689306934004,0.5729528197939076,0.15882971272545993,0.022956480747118736,26
0.0017886800032383104,0.03208943812105028,0.36202315197246626,0.5581330021092792,0.045965727793966134,27
0.8798130547748932,0.10928790817211065,0.009368215950098749,0.0013250240014479582,0.00020579710144927538,28
0.8766903719192207,0.10590008637545552,0.01442004155082011,0.002782833487836845,0.00020666666666666668,29
0.0014103070604500033,0.014973143029535941,0.1958538845148371,0.7252772709988986,0.06248539439627856,30
0.7110693930591923,0.23960217937111672,0.047211577818135494,0.00190321338791927,0.00021363636363636363,31
0.16108783234835083,0.556988540066528,0.23553151073848494,0.037879465824666406,0.008512651021969889,32
0.009106093607885038,0.019595055248440834,0.07741445908940947,0.3136951976644749,0.5801891943897897,33
0.059492109878195296,0.2874912117875693,0.5166523572764374,0.12273911302139018,0.013625208036407774,34
0.5698666226704494,0.29187879491676566,0.1094222037985969,0.018244628128805916,0.010587750485382064,35
0.2752673662205021,0.5693988209843022,0.13108339675588312,0.01984343404229353,0.004406981997019149,36
0.06837580782235178,0.31330960912380706,0.4577399454979726,0.14366272424366763,0.016911913312201057,37
0.0019854585425712586,0.03403270132686054,0.307050304280984,0.5989444892974334,0.05798704655215077,38
0.001716591017995759,0.025596860116429754,0.38678876170610826,0.553846717395279,0.03205106976418705,39
0.8792631790826141,0.11025664591728046,0.006326165383990593,0.002226736888842152,0.0019272727272727271,40
0.686662257326059,0.28400653451072333,0.02596542688096764,0.002764626881095693,0.0006011544011544012,41
0.9346214573079559,0.058519400369509846,0.006432746249261973,0.00032950612111902434,9.688995215311005e-05,42
0.003950391175743716,0.04110288045433685,0.34954885410893227,0.5659378009861239,0.03946007327486323,43
0.004819373012608307,0.018236522403419435,0.07961579603475337,0.4378298271604355,0.4594984813887833,44
0.03497443810970703,0.051857774823482895,0.22245496241095708,0.44048936752743123,0.25022345712842187,45
0.16533328805018957,0.39539882857972075,0.3249508957267416,0.09660729029072812,0.017709697352620162,46
0.012333187008650177,0.28997578608643015,0.625412679378062,0.06862591059838183,0.00365243692847573,47
0.41169997685911525,0.41352170458372334,0.1499864556327908,0.017110072966822192,0.007681789957548471,48
0.04870499080483974,0.5250453973315633,0.36153631338115816,0.05653166106395939,0.008181637418479373,49
0.2613864542947647,0.6594881162009169,0.06748276544944258,0.010161174330662482,0.0014814897242136633,50
0.06106287140933253,0.2186530469116931,0.46735441222827606,0.22693352404610212,0.02599614540459626,51
0.007817058474715016,0.12290500932231915,0.7342246079646918,0.12912822532112359,0.005925098917150528,52
0.008835357868961244,0.05793630733233078,0.379205162682419,0.5278286415627238,0.026194530553565236,53
0.010891636636957467,0.1119556574681299,0.6246494290476247,0.22923553332292917,0.023267743524358897,54
0.8331880874176747,0.15091587478668123,0.014747414607238404,0.0010152898550724637,0.00013333333333333334,55
0.014476888187228138,0.04299706325945779,0.21067774995676744,0.4243371995061618,0.30751109909038504,56
0.008599059336869441,0.016486881041519613,0.06355899063560687,0.20812359397890554,0.7032314750070989,57
0.0010867306549659493,0.01379495284820476,0.12584128267665726,0.8151589657039506,0.04411806811622153,58
0.004664881397909613,0.02439456178349595,0.14050027471209048,0.5183378263323613,0.31210245577414275,59
0.9223404672544891,0.05758828542122222,0.014380707241419752,0.003947523491616993,0.001743016591251885,60
0.897445091768925,0.08967315599468743,0.011055197890656829,0.0017893613632744068,3.719298245614035e-05,61
0.2570781032449715,0.5534177551875084,0.18413806003467434,0.0036532700306229717,0.001712811502223267,62
0.7267709940057873,0.24353689677787438,0.024980573841956004,0.00355528320549865,0.0011562521688837477,63
0.45953859018365123,0.29084199904544616,0.18500973272421511,0.054841752308107825,0.009767925738579934,64
0.015166304391098706,0.033826288181194555,0.10058206187366599,0.35787972439522403,0.4925456211588169,65
0.8298239186744801,0.15581641131438925,0.013798455900784823,0.00046634231547357734,9.487179487179488e-05,66
0.012661988523280543,0.03563576867870914,0.11303264615914703,0.5754493449067055,0.2632202517321579,67
0.10090205608112819,0.7156183388101184,0.16371824779949923,0.017417309812716972,0.002344047496537532,68
0.012091907317256598,0.03751526623890639,0.27340436518148736,0.5754467005500886,0.10154176071226104,69
0.012769968847480145,0.0722595299055401,0.2866295519467715,0.5617097549244333,0.06663119437577503,70
0.9314603244081688,0.05937902384681493,0.007616544177786734,0.0012980469611689124,0.0002460606060606061,71
0.04754356123319127,0.12895830081800527,0.5827909111143024,0.22310799477065896,0.017599232063842275,72
0.025416716117644213,0.22649277431228212,0.5695182715224791,0.14912184626719865,0.029450391780395945,73
0.027952809513327254,0.2915301824200329,0.5967034009580622,0.0801445497715573,0.0036690573370206495,74
0.0010383346065699008,0.023378070478166778,0.17475377157632838,0.6643991353526124,0.1364306879863228,75
0.009837509614909723,0.029562818519921902,0.14113934357525243,0.5082846281029945,0.3111757001869214,76
0.5022894360437188,0.35631862442517964,0.10582409691951071,0.016511372088649723,0.019056470522941113,77
0.8267524987758336,0.1599338871323593,0.012437423615616897,0.0008398268398268398,3.6363636363636364e-05,78
0.003948736942121952,0.048228952904651345,0.5314663790520135,0.40910468686244245,0.007251244238770757,79
0.032688604815885224,0.09857885683830077,0.34847636969838336,0.39196389280747074,0.1282922758399601,80
0.16140106888069944,0.6649523347214201,0.14573414060205842,0.0248713561355308,0.0030410996602914446,81
0.06058617003426696,0.4814348168214906,0.40944898443064404,0.04648005131971872,0.002049977393879833,82
0.006505599486068753,0.010533345537064736,0.0419401270989482,0.06553737903659866,0.8754835488413196,83
0.9001622477334165,0.07562990190635432,0.02026820429310031,0.0034066232928017825,0.0005330227743271221,84
0.9601109168231948,0.03637557478414019,0.002600645629696942,0.0008320546821599453,8.080808080808081e-05,85
0.15356299257936334,0.513157807980683,0.2864542212009725,0.04187104828005115,0.004953929958929958,86
0.8724450935890935,0.11652526796081639,0.009280469332171016,0.0016650665538165536,8.41025641025641e-05,87
0.002474110131402019,0.046699711281445,0.5900616867515894,0.35801947755165303,0.002745014283910379,88
0.7683175004751472,0.21413114881198783,0.013916007352170467,0.0021032221485733135,0.0015321212121212123,89
0.007837287412794634,0.04320530378238081,0.2619632702423955,0.4844076360424399,0.20258650251998916,90
0.005217835979558187,0.06236732930673252,0.6065770385943801,0.3056354266970097,0.020202369422319184,91
0.950686259893599,0.040444520017965516,0.008379745319990365,0.00021150940047954904,0.00027796536796536795,92
0.8894087797638079,0.08211798250532844,0.021852823168817596,0.005318147764516186,0.0013022667975299555,93
0.0006726459173010897,0.010741009223009874,0.1512913727238787,0.8114103400874189,0.025884632048392125,94
0.00437944491739477,0.08512126048681712,0.7427097709676966,0.16552480864500688,0.002264714983084548,95
0.9672297035279392,0.029199792829207975,0.003170049883733562,0.00038992744332961725,1.0526315789473683e-05,96
0.0008448712662572453,0.00607899480062447,0.057771918206092156,0.6351530659666931,0.3001511497603333,97
0.9249678658717077,0.060362236571513975,0.012073940180821188,0.002466260406260406,0.0001296969696969697,98
0.825974826533027,0.15954012274808513,0.01242965541243983,0.0014891615402141717,0.0005662337662337663,99
0.008211569525955715,0.016342529140890967,0.10402688556959123,0.253004434174111,0.6184145815894511,100
0.006890313330002834,0.06752243280330952,0.511326431736646,0.3934297197926625,0.020831102337378987,101
0.007989829167581891,0.20953284786196655,0.6663910789113192,0.11388865204404301,0.00219759201508937,102
0.7504447454561074,0.2288107448609619,0.019306935687231058,0.0013137644718901594,0.0001238095238095238,103
0.8967124701048602,0.07940059167648536,0.018806360788421912,0.004012252307079893,0.0010683251231527093,104
0.002896802931074444,0.020398690833867344,0.27842245931701826,0.6629145294223691,0.035367517495671054,105
0.008506525903273752,0.2666735179672908,0.6274662263475967,0.09424383579864956,0.003109893983189296,106
0.010744512000573001,0.022268016211138175,0.07897177961227453,0.3146888785702612,0.5733268136057532,107
0.008801533346610501,0.03855299187685677,0.38592704791051957,0.4884876635128478,0.07823076335316534,108
0.09653058061290087,0.5549284635684958,0.2857354651332861,0.05314854251548181,0.009656948169835321,109
0.8713708792844427,0.11550216677213745,0.007759310410482332,0.004651987424340366,0.0007156561085972851,110
0.17882483620444906,0.5364457323893558,0.22004581269599544,0.05720258879840375,0.007481029911795998,111
0.6815979345823524,0.12331940906374743,0.12388911521587465,0.04487019192834217,0.026323349209683343,112
0.0018518211610875836,0.01396520400039108,0.1522420081001424,0.6826240136025221,0.14931695313585708,113
0.009732219757061346,0.04597513346573889,0.29560597581148684,0.6136874467385289,0.03499922422718412,114
0.968497711027981,0.028810806477635176,0.0019864108896600645,0.0006990109986631726,6.06060606060606e-06,115
0.15874962133548298,0.6183053458002055,0.20413873527453755,0.01731642626634567,0.0014898713234284136,116
0.005797494905357026,0.12952739377553255,0.7034545155985793,0.1541736363081534,0.007046959412377964,117
0.9522247502221435,0.04479965166592807,0.002271670040000481,0.0004857462537462538,0.00021818181818181818,118
0.43609911750483954,0.4899027313071377,0.07145429379019633,0.002187035886005109,0.0003568215118215118,119
0.001855376512644845,0.014736942564570749,0.11772610368826801,0.4813078109501546,0.384373766284362,120
0.7246716550107501,0.1536835399408752,0.07900752025326407,0.024604435204384784,0.018032849590725753,121
0.9277184859247642,0.059297458551543725,0.01137545745509398,0.0014485980685980686,0.00016,122
0.05363763782473156,0.14442158408886516,0.5681017757559087,0.20879524826435722,0.02504375406613729,123
0.17378342499136218,0.4844955205295027,0.2709231999128348,0.05186467083884368,0.018933183727456605,124
0.0025645132405773827,0.04165882859861531,0.6025003000944985,0.34974279328455105,0.003533564781757538,125
0.004715050721405387,0.020104494628483804,0.22147470547549014,0.5987799326135844,0.15492581656103638,126
0.23729899090497558,0.6187574637341712,0.13395870167145113,0.006622539093127119,0.003362304596275184,127
0.010396326626955972,0.03130887815373013,0.2014046578495813,0.5128218368732173,0.2440683004965154,128
0.0030565125181857243,0.07247621362501584,0.7942183722472176,0.12364992289665604,0.006598978712925094,129
0.7952409806142372,0.17949631568870633,0.02439104699449298,0.0004510124448606423,0.0004206442577030812,130
0.03583506497968506,0.12235826131747533,0.3017174870698729,0.38117287262462324,0.15891631400834377,131
0.4029532287836153,0.3904561538951064,0.14104709630183082,0.05509372090929347,0.010449800110154011,132
0.014490127242351752,0.08445643781347906,0.6455404068064635,0.2364230349953164,0.01908999314238933,133
0.05714892027755386,0.20334334029360424,0.5248584720428452,0.19058642035924994,0.024062847026747086,134
0.010096187427539047,0.009810551253842729,0.047008936638791285,0.09559635584970029,0.8374879688301267,135
0.03235190837640951,0.1879543835844783,0.674015089582616,0.10120988270719056,0.00446873574930591,136
0.1801723268509025,0.5832604387181999,0.19014202999947213,0.04336614992555994,0.0030590545058656513,137
0.003621276279419343,0.06632671969389523,0.6417817236557796,0.27276464906188747,0.015505631309018225,138
0.01129700705347355,0.021553803337696513,0.09057750398453351,0.3554199612749821,0.5211517243493143,139
0.1463759822253113,0.49076792286305154,0.3173571439011126,0.0384675285540362,0.007031422456488398,140
0.6439565149795369,0.29156250041960036,0.0525110795916092,0.00948145179580021,0.0024884532134532137,141
0.04903618324522,0.16266570037071337,0.23229611595138996,0.39323036404952594,0.1627716363831508,142
0.0007170609048391792,0.014947858149338033,0.14702231016608872,0.7742882486716113,0.06302452210812295,143
0.0037464145854145857,0.0397479517171404,0.35800917426012085,0.5511994432139595,0.04729701622336461,144
0.13867099129281532,0.6314477161794887,0.20390388526820144,0.023551925343017158,0.002425481916477453,145
0.006663399443172344,0.10453552301094834,0.7946094300015916,0.09059932906960447,0.0035923184746830634,146
0.02198188713833137,0.07849650441021885,0.47704554841535085,0.3588747213569401,0.06360133867915888,147
0.0034400528981281876,0.03622132075704841,0.3900507665408982,0.5405539200173213,0.02973393978660397,148
0.012450721593274117,0.045715195625383086,0.32187753371961064,0.4934045973888705,0.12655195167286182,149
0.8576159555691211,0.11175912254207339,0.029149737073620736,0.0008333666333666334,0.0006418181818181818,150
0.029898932577804092,0.10549095819878485,0.33544565162109696,0.3676500449058648,0.16151441269644953,151
0.8623885397904028,0.12903371821064902,0.007551754833056553,0.0008010299009344609,0.00022495726495726497,152
0.3816360670540494,0.5495483781827282,0.06423111552219551,0.004074915431503174,0.0005095238095238095,153
0.06459204154405435,0.1452488566559147,0.3589950368755,0.40027966033581847,0.030884404588712316,154
0.022396656714383865,0.0319292669181543,0.04597951122762952,0.070768496423916,0.8289260687159163,155
0.09600921067267827,0.6015330563669414,0.25030661275646054,0.04653231951163137,0.0056188006922882755,156
0.0008935666735009962,0.02319815899342334,0.4786094029752162,0.4789686290633515,0.018330242294508015,157
0.004462810131045425,0.015637371032525473,0.09429628145211591,0.4360227162481496,0.4495808211361636,158
0.009154338379247366,0.11720524938910142,0.7764720599744784,0.09547344905435369,0.0016949032028190582,159
0.14665153606446205,0.5074658869808368,0.23728172685442916,0.08850619106905863,0.020094659031213217,160
0.002291088866601774,0.025960074600892717,0.34603540835929075,0.5803507349132712,0.04536269325994357,161
0.0003557665964172813,0.005630422092223954,0.09341324170144565,0.6961976953243634,0.20440287428554985,162
0.967079084315626,0.028869324853090295,0.00384166799851001,0.0002099228327737502,0.0,163
0.08436782801762889,0.6804398901538353,0.21939866186805004,0.01556680647858966,0.0002268134818962353,164
0.006873740583808141,0.08685616590012471,0.6177475531676421,0.2798017716810254,0.008720768667399877,165
0.26545306314625006,0.4429168422434381,0.2619567309337451,0.019472958085426224,0.010200405591140885,166
0.002381072864223549,0.02997034012611639,0.2985217239160581,0.5985101625834504,0.07061670051015151,167
0.27808422775796193,0.4897197261896359,0.19316823688928428,0.03517709182203685,0.0038507173410811174,168
0.03029637425912507,0.29892746561754974,0.545233344035257,0.11494561533945147,0.010597200748616756,169
0.9036175780641653,0.07950884141966831,0.014926248129540059,0.0009676498469438135,0.0009796825396825397,170
0.9461556376773098,0.049184223624426884,0.004220368762442741,0.00015620671742981558,0.0002835632183908046,171
0.00995934000336676,0.1199200274103857,0.7455855360641345,0.11282065847230507,0.011714438049808002,172
0.9319473638246245,0.060889027587602604,0.0051953780509728705,0.0017020908793559566,0.00026613965744400525,173
0.42296583681109234,0.39601956613959527,0.14044848471619567,0.03144449346179199,0.009121618871324755,174
0.014553541323349167,0.17263527232858547,0.6722965885721918,0.1296861013055462,0.010828496470327655,175
0.8787890286673617,0.1072121754154178,0.010278193186617952,0.0027014452214452213,0.0010191575091575093,176
0.040238697461487054,0.5889452608652714,0.3383212207508316,0.029460595590008604,0.0030342253324014477,177
0.07307010325510789,0.22413288987613283,0.6088829550314145,0.048710767882447666,0.0452032839548972,178
0.03201993540405592,0.16936611561628478,0.5468498356683762,0.23288435344420028,0.018879759867082853,179
0.34479851426466385,0.5497376435586286,0.09424578303176843,0.009322317546971862,0.0018957415979673022,180
0.04643327425220454,0.05748693792960778,0.22290985022464263,0.5737607947961869,0.0994091427973582,181
0.06382003138098187,0.086348798943442,0.180430167243717,0.48717021830477547,0.182230784127084,182
0.27339013826923264,0.6359651034002881,0.083066599403818,0.0044673398111365215,0.003110819115524998,183
0.01389913465981101,0.046497294219986995,0.14510398023048998,0.3770564767933712,0.41744311409634094,184
0.7261497549021804,0.20563853688773714,0.05530599080055707,0.01157715597096402,0.0013285614385614385,185
0.19787306391404794,0.5096943702897005,0.19117311642134155,0.08031538225180254,0.020944067123107563,186
0.004869008267262583,0.10695919853306672,0.7782981201821644,0.10631839220611186,0.00355528081139466,187
0.007181034684269979,0.034967178973692024,0.15416590899742683,0.6241230696007461,0.1795628077438653,188
0.01072468303540421,0.03205750011569433,0.16638258914614057,0.4992771449460158,0.29155808275674505,189
0.5791138730827158,0.3248001851442467,0.08649937009710448,0.006173648035246188,0.003412923640686799,190
0.923905821908396,0.059475187569652324,0.011317512167141738,0.004201543289874938,0.0010999350649350647,191
0.165975138019082,0.6569818360209607,0.1627788154639656,0.011110867740571084,0.003153342755420562,192
0.011172852788766102,0.03051549602440088,0.14507412019221674,0.4238779659411036,0.3893595650535128,193
0.01024709435844515,0.1130357047319819,0.7332158282704868,0.13161631517489703,0.01188505746418959,194
0.9277194360968319,0.06146157102900414,0.010437073682244922,0.0002837373737373738,9.81818181818182e-05,195
0.2313001732809304,0.5556933181020272,0.19842651354617555,0.011043795279707282,0.0035361997911598415,196
0.0003274578147219657,0.005597309081893929,0.12428051063313181,0.7557452816848332,0.1140494407854196,197
0.008605484019473017,0.04382140001170981,0.4840185530572236,0.42583552546971315,0.03771903744188042,198
0.14901477599585097,0.6607157518148796,0.1564726031667573,0.026470369618653383,0.0073264994038589795,199
0.011202896785476887,0.025592897861158447,0.10221381356426407,0.3557236025750385,0.5052667892140621,200
0.26973740470955754,0.6040651489516854,0.10421264578978129,0.016845181469470765,0.005139619079505232,201
0.7558574793665358,0.17503722998352592,0.05864969681273149,0.006446351050581807,0.00400924278662514,202
0.004603904690415301,0.16246698790046743,0.7147330149317472,0.11648566514326648,0.0017104273341038048,203
0.3163964676439047,0.41105625473233776,0.24578222980466763,0.019877904113122673,0.006887143705967236,204
0.023161224370771095,0.4142806759597371,0.5036013079645291,0.05584588152023088,0.003110910184731894,205
0.7288999723726672,0.23866273579118835,0.03108834986865581,0.00094400690255367,0.00040493506493506496,206
0.00636656927923863,0.04365889636651856,0.2544864375608835,0.6642686668021621,0.031219429991197256,207
0.33236707954440414,0.47010170887126906,0.16944452247949898,0.024755240426950473,0.0033314486778774437,208
0.008133332106376356,0.12898858175377795,0.7161064042113691,0.14302356023030752,0.0037481216981691892,209
0.8550048665415206,0.12260018437622375,0.02054206467280434,0.0011501346650761106,0.0007027497443751764,210
0.9346227681885665,0.05564807087283032,0.005155209781644206,0.0037505168135245153,0.0008234343434343434,211
0.7516181500090731,0.22852667274986724,0.01836237448825684,0.0012923365523365524,0.00020046620046620047,212
0.004606403596403597,0.01444577908744141,0.1285004082016264,0.5720292303728105,0.2804181787417178,213
0.36742626732986394,0.440668416332162,0.15294964878227582,0.02747601927999761,0.011479648275700905,214
0.03091774467312548,0.2121917492298968,0.5697878506394028,0.17049591025388755,0.016606745203687618,215
0.8725444114210699,0.09729483712562137,0.024062693636660602,0.004707539070125277,0.0013905187465228033,216
0.05393594487098212,0.5026963922940975,0.39334206127454063,0.035730480907416665,0.014295120652962956,217
0.02533355870241183,0.042993353738256836,0.15509158893635944,0.6424029828581678,0.13417851576480444,218
0.0019737314909998227,0.00962018077250023,0.1295067472904872,0.6353607138932114,0.22353862655280174,219
0.9082739514607379,0.0734340720585955,0.012397646494042671,0.0033771750363111594,0.002517154950312845,220
0.03856395714394679,0.5776703739691542,0.34952253498972297,0.03214981581700759,0.002093318080168451,221
0.9360311757446127,0.05886736638128468,0.004652206109219172,0.00022218105781265262,0.00022707070707070706,222
0.003930597424883888,0.03632576233368158,0.6934057304562267,0.264851580743936,0.0014863290412719624,223
0.0058290515679384845,0.012182373918667519,0.04033498436104985,0.0845617169899793,0.8570918731623649,224
0.006237180228599665,0.024646984907946156,0.2261735303443609,0.6015013696107054,0.1414409349083881,225
0.9564424647278958,0.03598442115028246,0.00550896477266889,0.0015574826824860388,0.0005066666666666667,226
0.31441682872369003,0.5383447258866463,0.12810764053244195,0.01875805879191773,0.00037274606530420483,227
0.0007565217038153783,0.017090156101748216,0.35433561992908436,0.6008589225664296,0.026958779698922335,228
0.18437124668124372,0.5156051204860647,0.21923703236733597,0.0669553115887879,0.013831288876567666,229
0.014144420878399205,0.018296646824108122,0.04459615109005201,0.08862026212807948,0.8343425190793614,230
0.6937610339762195,0.27816242362396,0.0270387492104901,0.0005099299414672915,0.0005278632478632479,231
0.023647462851307914,0.06302809796222587,0.18645227869405476,0.4200171133027541,0.3068550471896574,232
0.7606638835469052,0.1307522926172827,0.08866788617539403,0.012146712163692562,0.007769225496725497,233
0.2564121715112071,0.46796932507046807,0.21811315050719499,0.03990194475238125,0.017603408158748717,234
0.5475287411693585,0.3164798544301437,0.10850074092574716,0.020841074674661647,0.0066495888000888004,235
0.17598766463161553,0.5615843331901443,0.19584317268768803,0.050493974530671594,0.016090854959880753,236
0.862354299927544,0.09353726111149556,0.03788387745317375,0.0042094480435300365,0.0020151134642566867,237
0.016889118036962057,0.05773228879195913,0.4130298599172204,0.42882998994383936,0.08351874331001918,238
0.00416353576926594,0.03691469835904347,0.5754836246564995,0.36347951595550093,0.019958625259689836,239
0.45533923541732557,0.4031827301390245,0.1224129145293198,0.015086252137349002,0.003978867776981135,240
0.5449654160847455,0.39045155851889357,0.05630352182535968,0.00580497596671128,0.002474527604289973,241
0.5740188830944966,0.2152236042493259,0.13998753151708102,0.05458718319462995,0.016182797944466705,242
0.006221288154195465,0.11164817462126327,0.6365039218785095,0.23587629577528824,0.009750319570743632,243
0.12741565773117913,0.2564545917813678,0.4590855716609677,0.13596942739151952,0.02107475143496612,244
0.15179867477301437,0.6425222735995406,0.16867666451634236,0.035110427002863646,0.0018919601082393073,245
0.009655783700858464,0.03697494449388724,0.1752813397006301,0.5445007067829162,0.23358722532170803,246
0.8979745692775458,0.09640643883647468,0.0033579377588202224,0.001679861985967249,0.0005811921411921412,247
0.8171438888814191,0.1738282922790994,0.008441185539767915,0.00047177414920245177,0.00011485915051132442,248
0.0019802550477017082,0.055596825922603156,0.7411014591199561,0.19269590501239914,0.008625554897340144,249
0.004374886965446396,0.05501061317697842,0.5602476140955954,0.35820637207689526,0.022160513685084395,250
0.9121018254264399,0.07762240699644898,0.0077942062365106025,0.001398516607555764,0.001083044733044733,251
0.09032163934736208,0.1756467992637035,0.5947153163291831,0.07947417267135522,0.059842072388395916,252
0.030959968859038567,0.32296841368690565,0.5268967279026028,0.11635141545597753,0.002823474095475531,253
0.040672522690797824,0.3163267217280902,0.5678103015081969,0.07195042704323053,0.0032400270296846527,254
4.386446886446887e-05,0.0048955000556549,0.09111653406378509,0.8649489993336237,0.03899510207807235,255
0.01824730666562011,0.05340969668112705,0.27050871945026866,0.5177151001014006,0.1401191771015834,256
0.8913810372047923,0.10400821168358325,0.003849316920084868,0.0006006261107313739,0.00016080808080808082,257
0.4584939026902779,0.4157629949101276,0.11279544122389215,0.00896924736728849,0.003978413808413809,258
0.4311787575236835,0.35927395157439806,0.18334220339951743,0.018152986230779617,0.008052101271621395,259
0.4021111974271797,0.5044432869836728,0.07953518001510795,0.011462801658359934,0.0024475339156797104,260
0.33826888032554764,0.40310408036209305,0.22190281498653647,0.026256630799962453,0.010467593525860406,261
0.8294071148066203,0.15378487538058375,0.013875093881118706,0.0027761057243410182,0.00015681020733652315,262
0.39069248045788274,0.37140692769086037,0.20800772132276815,0.02867877961939789,0.001214090909090909,263
0.03478828456891272,0.10070451927264701,0.5690208662025871,0.22077094841772774,0.07471538153812568,264
0.4322681865245429,0.500582294028564,0.06440437274755625,0.001521790055980078,0.0012233566433566437,265
0.024448552518505216,0.3268487829503627,0.5848909722896252,0.062330619751674,0.0014810724898332763,266
0.006656135275895323,0.03634970288762339,0.46816892299326546,0.44901356231873707,0.03981167652447901,267
0.054393996104370755,0.12642793692970317,0.611370137307079,0.17984724159727644,0.02796068806157075,268
0.30602889268012295,0.637424378336427,0.05316089349656816,0.0025074794707214687,0.0008783560161608943,269
0.17153394328573304,0.5122495556250457,0.2507211543657623,0.04802550924500272,0.01746983747845617,270
0.21137161008944286,0.4065903809102018,0.29497504563407684,0.06743256680962442,0.01963039655665417,271
0.7081943032492839,0.18538312954835032,0.07211726646712383,0.018399845243021636,0.015905455492220198,272
0.010632951325640386,0.15312520830551926,0.6937866462168542,0.12949663348712556,0.012958560664860919,273
0.14946205389404033,0.6011705408684851,0.170221203359683,0.06643099653348322,0.012715205344308339,274
0.16238020214167925,0.6279173052593746,0.18172606195540947,0.027221298847228403,0.000755131796308267,275
0.2832152460944476,0.6179245967825631,0.09084916525611851,0.0068111932172832635,0.0011997986495878063,276
0.008342944547654949,0.12067001851193501,0.6506497857212675,0.20900426030711833,0.011332990912024488,277
0.03196052478359298,0.0826166457797444,0.26365936800745315,0.5598634003233862,0.06190006110582343,278
0.9425158861226526,0.04979810176478235,0.006006396756165237,0.0015045290900090977,0.0001750862663906142,279
0.9358419800289413,0.05646302987722508,0.006279369989300537,0.0011548625287755721,0.00026075757575757575,280
0.005835928616835285,0.030288985375835815,0.26877952461692567,0.5455368608127678,0.14955870057763562,281
0.94708561646168,0.04611033611954376,0.006066631126922252,0.0004138530734632684,0.0003235632183908046,282
0.8068595531863678,0.15366851799318543,0.028000954621958618,0.006809306716675137,0.004661667481812992,283
0.3749393747096105,0.518330456017927,0.09715804100125394,0.007339627716803102,0.0022325005544053846,284
0.6843648339823254,0.27143687272915223,0.04171459945054042,0.0017025827268706527,0.0007811111111111111,285
0.00432818408065228,0.15399713484218808,0.7252720186086308,0.10677935872546376,0.009623303743065185,286
0.011495100753176004,0.05768020034158481,0.5070848452780935,0.375056801505227,0.04868305212191859,287
0.8272149865250217,0.16344789918926522,0.008148767676777394,0.0008460389166283251,0.0003423076923076923,288
0.0016538503793387081,0.045816037707283604,0.7387352487305225,0.20232241441881338,0.01147244876404196,289
0.004287062116876359,0.01510023367585287,0.04365726714172569,0.2268999110686561,0.710055525996889,290
0.749763677789037,0.14719090018322664,0.09309648373812034,0.005229224604608236,0.004719713685007803,291
0.5473950677300229,0.3784553629236569,0.06434899050257242,0.006888953377710544,0.002911625466037231,292
0.03301370468342613,0.6048612991856486,0.3337925710948666,0.027979749974913738,0.0003526750611449654,293
0.013280439545166695,0.0595830081232302,0.1593063946134526,0.49593383072152886,0.2718963269966215,294
0.9262363582115573,0.06549232993552824,0.00717338506066257,0.0009159447646175333,0.00018198202763420153,295
0.0009168901345224894,0.020209013391354964,0.49467368616230195,0.47252979507404724,0.011670615237773341,296
0.177895884773569,0.6379453818954532,0.1472762647123141,0.034794907937315996,0.002087560681347656,297
0.006090997221456478,0.09466703345339426,0.7224213706621068,0.15876162779498287,0.018058970868059722,298
0.8492329593888905,0.13841185985384089,0.011616502070153483,0.0004820120204484531,0.00025666666666666665,299
0.9792843000482201,0.018147636691094204,0.0025519813893407593,5.555555555555555e-06,1.0526315789473683e-05,300
0.950851473004171,0.04400450691137868,0.004816055246065823,0.0002949251390657819,3.303969931876909e-05,301
0.8467593861595566,0.1201071305232794,0.027193817481910177,0.00397481013539837,0.0019648556998557,302
0.5681902430113641,0.3803361160741775,0.045096470294935416,0.00562385115363326,0.0007533194658897983,303
0.10805669659781632,0.7198213832596456,0.15908689064841242,0.010901649332943164,0.002133380161182531,304
0.2699610067727026,0.503484659664654,0.19916338881739568,0.026352529561318762,0.0010384151839288231,305
0.008767271421237966,0.09818846002546837,0.6507232840405738,0.23148028702181814,0.010840697490902376,306
0.022651244098985952,0.16696768826888303,0.7211698756153778,0.08040885992545324,0.008802332091300106,307
0.7609338432612684,0.22283085286345594,0.01514330640108442,0.0008408008929946095,0.00025119658119658123,308
0.7817464399582826,0.11381030495322317,0.05511075760761358,0.018761502330520104,0.03057099515036048,309
0.12277554205427585,0.38985300297606645,0.410619676704436,0.07124202152562639,0.0055097567395953435,310
0.9624409992293202,0.03214078224922919,0.002209801789631728,0.0021390011474033215,0.0010694155844155845,311
0.09422603494447762,0.476749458781616,0.365812952124009,0.05937398329635842,0.0038375708535388713,312
0.7529493572191857,0.21273705795918046,0.025726910221723975,0.005667629070276128,0.0029190455296337647,313
0.007680043424866135,0.09648707090529016,0.7418274918870486,0.15117466372846355,0.0028307300543316304,314
0.8068617450221389,0.17129644226207458,0.020347364571098377,0.0013457110846468406,0.00014873706004140788,315
0.019508409548827505,0.02182899877273769,0.04701678421941969,0.17584640127820508,0.7357994061808101,316
0.43633952644109286,0.4906067968322974,0.07003798664380205,0.0020140077128901375,0.001001682369917664,317
0.00525200580922394,0.06579501901718056,0.6022899962648209,0.3084340159549037,0.01822896295387106,318
0.015762818801657606,0.031761231196633335,0.09708998960424657,0.38996775535035255,0.46541820504710996,319
0.003454454542986146,0.050500041187936454,0.7686802299044108,0.17605861347016477,0.001306660894501601,320
0.14141954790189243,0.7250563076871506,0.11619684336374818,0.014815073368693301,0.0025122276785158886,321
0.0023335332179608053,0.05895036298374452,0.7567751828702991,0.17681734831612056,0.005123572611875264,322
0.3008629740525529,0.41528076007234366,0.2380588656773725,0.0403788361772104,0.005418564020520543,323
0.006683130033149414,0.09178023712381553,0.7154924223294048,0.1781466301488026,0.007897580364827897,324
0.9367611233729731,0.03956077530646899,0.014256947474404194,0.005824169719169719,0.003596984126984127,325
0.0025243535414197,0.03513047592397946,0.6008993875620476,0.34728183904180054,0.01416394393075287,326
0.7027076387679044,0.28719654265419414,0.008792082314165301,0.0011892063492063491,0.00011452991452991454,327
0.006535722074322724,0.041331887252648705,0.3659092820479804,0.5486219465259514,0.037601162099096724,328
0.0021822565943913673,0.022619771068903036,0.2827498547617213,0.6179952826453374,0.07445283492964709,329
0.08809156799655773,0.7452334481843211,0.14845375031941263,0.016080697176055363,0.0021405363236531964,330
0.043866473899976575,0.08509137053557546,0.4665146361734732,0.36822053646097264,0.03630698293000219,331
0.4189968445854596,0.5433242800406017,0.03638681779112029,0.0010144215346558996,0.00027763604816236396,332
0.7171574500967621,0.2596122960453164,0.01799485607280723,0.00458947703919353,0.0006459207459207459,333
0.0713666615698634,0.4618428221006573,0.37991803321167206,0.08037903642767805,0.006493446690129292,334
0.4178109309308775,0.46918489389520757,0.09585238778336999,0.015834007703988177,0.001317779686556728,335
0.008905276727278625,0.016898706533484277,0.08643012230279415,0.22026215598862314,0.66750373844782,336
0.411469210632763,0.4618410672410622,0.11988867933889687,0.005221551722787017,0.0015794910644910645,337
0.9502268900958221,0.04696002816095053,0.0014982914633317615,0.0006255128906181537,0.0006892773892773894,338
0.022923689333144124,0.06608578983274199,0.2452367115047757,0.5155038934069609,0.15024991592237708,339
0.025050342934151114,0.11240458281922831,0.4667003860216414,0.31835783285550334,0.07748685536947589,340
0.782659122692718,0.1987501745026229,0.016897719850640095,0.0016159010142200736,7.70819397993311e-05,341
0.3623033181710935,0.44171921050129026,0.1690236083859354,0.022865038693421328,0.004088824248259411,342
0.23627650182666446,0.5292689566165483,0.18468171833997932,0.03855929957400724,0.011213523642801025,343
0.16083585417807927,0.6500362367969051,0.15868653795502263,0.028119970014417683,0.002321401055575525,344
0.7043648842417645,0.24354901656904432,0.04148202468787539,0.00819358634409945,0.0024104881572162722,345
0.004324052959233564,0.033454420509425174,0.33196379912106966,0.5274016660048445,0.10285606140542705,346
0.9762519993174923,0.020142204121763818,0.0016253414411550944,0.0004857161823815347,0.0014947389372071767,347
0.6938819623079561,0.26081509008881537,0.037838055698056164,0.00722489190517239,0.00024000000000000003,348
0.0797893918949987,0.22004794277226364,0.5132145544601726,0.16435951907736357,0.0225885917952017,349
0.005259708144065185,0.08681873776389408,0.8107370782541347,0.09240427507709187,0.0047802007608146605,350
0.1692618503404529,0.5722738402049042,0.22415826120517535,0.024442540740464817,0.009863507509002865,351
0.006120143177345087,0.023365083222549834,0.17375532211670555,0.493220899505438,0.3035385519779615,352
0.7534528641619532,0.2267597376606622,0.019170039811113034,0.0005373583662714097,8e-05,353
0.020274362050058642,0.02228496942125912,0.04017549733578437,0.08731722136470252,0.8299479498281952,354
0.049978814097757125,0.15220771810469746,0.5073011328687035,0.24661928525400909,0.043893049674832894,355
0.006477526002964311,0.00809497356426062,0.030288999420341467,0.05384556168874992,0.9012929393236835,356
0.3383649049927512,0.4173338585153134,0.15927090304751967,0.05553902152883938,0.029491311915576225,357
0.6838100998368548,0.23434114147030752,0.0716083017822673,0.005995464125577497,0.004244992784992785,358
0.00358341429812018,0.01871918169073593,0.12875820158755785,0.5642180490424364,0.28472115338114934,359
0.01816413126259106,0.04292351551855449,0.12504566553219618,0.4872785599457516,0.32658812774090673,360
0.8782884381096286,0.11315271718354891,0.006439096683187179,0.0015429843275611588,0.000576763696074041,361
0.502621251005748,0.38871939760352486,0.09316665872762006,0.011988599218782814,0.003504093444324319,362
0.10627540804836508,0.24430935289857764,0.33699391449530147,0.27173237802191447,0.0406889465358416,363
0.02289838086580217,0.024694588314665627,0.14212571467982826,0.36847807196965005,0.44180324417005395,364
0.005968395405341419,0.09578121212012355,0.7513954126263516,0.13907827729777705,0.0077767025504067765,365
0.013296223356023807,0.12401007592036432,0.6240703130276152,0.20804593960716264,0.03057744808883406,366
0.22491842987080496,0.5160725215771744,0.19182042426845905,0.05538065042301108,0.011807973860550759,367
0.04387444862157781,0.11041459319475785,0.4253674663584496,0.4001652487572577,0.020178243067957173,368
0.8745534061614461,0.08395184822411798,0.024875783147360712,0.008537096587856582,0.00808186587921882,369
0.3996391552949624,0.46815300698894735,0.11523068078824412,0.012632967888305539,0.004344189039540547,370
0.3689480657047676,0.3607251245329105,0.20020379663247456,0.0516482047786039,0.018474808351243707,371
0.006667682712087342,0.04106497389264406,0.44327628688613085,0.4693579377903497,0.039633118718787955,372
0.7396054119562129,0.2367125076420702,0.020893541546723206,0.001832475636602849,0.0009560632183908046,373
0.6728160989990739,0.2787768426037144,0.046166564392587796,0.001890187956860531,0.0003503060477636111,374
0.2302943874192631,0.2672967938100298,0.33089852458218194,0.11332703438559308,0.058183259802932374,375
0.1541082859405117,0.4659431317414503,0.2701912551306223,0.08300448199088933,0.026752845196526383,376
0.720478692089342,0.24698447285477623,0.027812167218428264,0.0036792588020446238,0.0010454090354090353,377
0.9772967604400786,0.020110097106762023,0.0023283399784282707,0.00026480247473096446,0.0,378
0.0037172446130269723,0.01119584223725815,0.032432662074121425,0.04013973209881833,0.9125145189767749,379
0.7314281910025644,0.2165425224303809,0.04146622498811078,0.0082607494466318,0.002302312132312132,380
0.5160784729611474,0.27769050187154265,0.14906925316562353,0.04007558200569654,0.01708618999599012,381
0.6453518479683424,0.2961817454898262,0.051820967339673826,0.0031156556523742043,0.0035297835497835493,382
